0.275580 102
1.201378 1
0.125801 1
0.085663 1
0.106232 1
0.140745 1
0.121023 1
0.070459 1
0.060430 1
0.235282 4
0.308224 2
0.005480 25
1.271438 2
0.064675 29
0.017114 64
0.002906 64
0.017264 66
0.106025 101
0.001438 37
0.011401 55
0.070000 78
0.000160 53
0.027333 65
0.018841 96
0.001493 51
0.029372 63
0.000015 81
0.012323 12
0.028879 40
0.022602 24
0.000007 27
0.000048 54
0.000019 170
0.202264 170
0.202996 170
0.201184 170
0.200939 170
0.201239 170
0.221353 170
0.202345 170
0.200554 170
0.200874 170
0.200680 170
0.201857 170
0.205098 170
0.200293 170
0.200554 170
0.226219 170
0.200444 170
0.140277 174
0.000045 103
0.010344 34
0.000006 4
0.000016 74
0.000011 12
0.000009 33
0.000010 4
0.628345 2
0.001878 228
0.000041 172
0.000010 53
0.000031 116
0.000020 106
0.000024 108
0.000037 178
0.000040 172
0.000036 172
0.000009 30
0.000018 80
0.000032 146
0.000030 130
0.000038 172
0.000011 38
0.000037 183
0.000009 2
0.000036 172
0.000038 172
0.000039 172
0.000037 172
0.000038 172
0.000038 172
0.000012 56
0.000039 172
0.000038 172
0.000048 17
0.254159 190
0.195990 190
0.130808 58
0.499980 24
0.029594 190
0.031808 190
0.031552 190
0.030745 190
0.031245 45
0.031417 24
0.031792 190
0.031161 190
0.031140 173
0.000005 17
0.031158 30
0.031218 24
0.031668 190
0.031435 190
0.031201 190
0.031447 184
0.031369 24
0.031264 59
0.031421 59
0.031422 24
0.031600 190
0.031334 190
0.031210 190
0.031467 190
0.031652 140
0.031008 24
0.031905 45
0.031630 24
0.029371 158
0.031443 24
0.029782 171
0.029654 131
0.030474 24
0.029947 190
0.030173 42
0.030285 190
0.030441 29
0.030299 111
0.030053 24
0.029352 190
0.030163 190
0.030389 154
0.030273 24
0.030100 34
0.030291 24
0.030173 190
0.030377 190
0.029220 190
0.030839 115
0.030678 24
0.029893 86
0.029735 24
0.030074 47
0.029998 39
0.029612 24
0.031023 190
0.030803 190
0.031594 190
0.030599 189
0.031563 24
0.030962 190
0.030897 190
0.031164 155
0.030801 24
0.031142 105
0.031145 24
0.031146 30
0.032047 190
0.030728 131
0.031582 24
0.030833 28
0.031622 164
0.030713 24
0.031787 29
0.030692 87
0.031466 24
0.031644 58
0.031400 164
0.031338 24
0.029689 32
0.030742 92
0.029781 24
0.029791 32
0.029457 120
0.163839 24
0.140634 33
0.146142 62
0.499973 24
0.030263 29
0.029477 109
0.030804 24
0.031324 29
0.029425 166
0.030852 24
0.029939 50
0.029962 7
0.000284 45
0.000014 9
0.028950 2
0.000112 35
0.030205 2
0.000111 35
0.030457 2
0.000101 35
0.029264 2
0.000098 35
0.030006 2
0.000112 35
0.029845 2
0.000111 35
0.029720 2
0.000074 35
0.030612 2
0.000111 35
0.030302 2
0.000115 35
0.030500 2
0.000080 35
0.030597 2
0.000104 35
0.030128 2
0.000115 35
0.030550 2
0.000108 35
0.030027 2
0.000103 35
0.612601 1
0.050203 1
0.045438 1
0.115759 2
0.000074 56
0.000023 24
0.000014 85
0.000016 45
0.000014 27
0.964767 2
0.001914 29
0.153509 23
4.389007 171
0.119720 171
0.000202 177
0.090912 177
0.000161 183
0.000388 189
0.000153 191
0.000144 197
0.000167 201
0.000156 207
0.000142 203
0.000149 221
0.000153 219
0.000156 221
0.000164 233
0.000159 237
0.000515 245
0.000255 249
0.191336 253
0.000130 259
0.000156 253
0.000144 265
0.000141 273
0.000143 271
0.000148 265
0.000169 279
0.000116 301
0.000143 285
0.000149 301
0.000141 303
0.000150 319
0.000155 317
0.000147 301
0.000141 327
0.000138 337
0.000142 333
0.000146 347
0.022642 351
0.000193 171
0.000011 1
0.609148 53
0.000113 2
0.101269 8
0.000077 21
0.000163 2
0.105700 4
0.105253 8
0.011739 1908
0.000008 1396
0.000005 321
0.000113 23
0.000141 2
0.105980 4
0.105294 4
0.105272 8
0.000280 23
0.000124 2
0.100287 4
0.100193 4
0.100709 4
0.100138 4
0.100149 4
0.100122 4
0.100197 8
0.406255 24
0.000208 85
0.000018 9
1.203164 1
0.020232 1
0.075403 1
0.080496 2
0.094174 639
0.000009 51
0.013010 77
0.000034 139
0.060518 33
0.198478 53
0.000307 2
0.105361 4
0.100360 4
0.109718 4
0.107526 4
0.124237 4
0.137180 4
0.131719 4
0.136791 4
0.101287 4
0.100321 4
0.100414 8
0.000022 21
0.000134 2
0.110274 4
0.110272 4
0.110262 4
0.106072 4
0.100149 8
0.023468 4095
0.000007 116
0.711311 1
0.135590 2
0.000056 2
0.000108 39
0.000840 171
0.182340 171
0.000234 2
0.000359 171
0.149648 171
0.000243 2
0.000320 171
0.100798 171
0.166729 171
0.000263 2
0.000363 171
0.124059 171
0.000265 2
0.000386 171
0.135822 171
0.000260 2
0.000336 171
0.118250 171
0.137458 171
0.000310 2
0.000435 171
0.128817 171
0.000262 2
0.000335 171
0.122300 171
0.000226 2
0.000352 171
0.142125 171
0.000237 2
0.000331 171
0.137590 171
0.000262 2
0.000445 171
0.181525 171
0.000227 2
0.000313 171
0.121101 171
0.000210 2
0.000297 171
0.127700 171
0.000223 2
0.000316 171
0.220835 171
0.000235 2
0.000344 171
0.100146 171
0.163936 171
0.000245 2
0.000328 171
0.173102 171
0.000262 2
0.000411 171
0.129000 171
0.000222 2
0.000333 171
0.122222 171
0.000236 2
0.000285 171
0.125412 171
0.000224 2
0.000332 171
0.156672 171
0.000210 2
0.000317 171
0.128154 171
0.000229 2
0.000308 171
0.124265 171
0.000228 2
0.000307 171
0.169973 171
0.000239 2
0.000301 171
0.136200 171
0.000250 2
0.000210 23
0.000127 2
0.100537 8
0.000051 23
0.000091 2
0.102894 4
0.105519 8
0.000241 23
0.000115 2
0.105208 4
0.100160 4
0.100172 4
0.100138 4
0.100143 4
0.100173 8
0.598601 45
0.000132 2
0.100440 4
0.100195 4
0.100140 4
0.114782 4
0.108288 4
0.107719 4
0.105441 4
0.115744 4
0.113472 4
0.112516 4
0.107146 4
0.194309 4
0.108168 4
0.123962 4
0.107942 4
0.107914 4
0.112770 4
0.112890 4
0.115662 4
0.254863 4
0.105358 4
0.110282 4
0.155873 4
0.110329 4
0.110299 4
0.110285 4
0.110349 4
0.110298 4
0.105229 8
0.000008 21
0.000095 2
0.105283 8
0.061939 39
0.000944 171
0.101701 171
0.103674 171
0.105527 171
0.101742 171
0.129878 171
0.102308 171
0.100703 171
0.110832 171
0.112900 171
0.119108 171
0.101610 171
0.100863 171
0.127451 171
0.102829 171
0.104364 171
0.106667 171
0.102310 171
0.106095 171
0.100550 171
0.123880 171
3.855042 173
0.000109 171
0.331525 171
0.000112 173
0.000187 171
0.106927 171
0.000103 173
0.000148 171
0.190662 171
0.000109 173
0.000155 171
0.060019 173
0.000099 171
0.105494 171
0.000235 171
0.000013 2
0.000326 171
0.109309 171
0.000124 173
0.000156 171
0.326020 171
0.000123 173
0.000165 171
0.100827 171
0.468086 171
0.000124 173
0.000171 171
0.155112 171
0.000128 173
0.000182 171
0.101318 171
0.124126 171
0.100028 171
0.775996 173
0.000141 171
0.101140 171
0.000122 173
0.000158 171
0.100241 171
0.485210 171
0.000104 173
0.000192 171
0.100972 171
0.408767 171
0.000112 173
0.000168 171
0.101130 171
0.230483 173
0.000150 171
0.148324 171
0.000128 173
0.000173 171
0.184737 171
0.000134 173
0.000159 171
0.097278 173
0.000172 23
0.000154 2
0.105288 4
0.105355 8
0.000177 23
0.000093 2
0.100281 4
0.100173 4
0.100394 4
0.127516 4
0.100235 8
0.000207 23
0.000109 2
0.100157 4
0.105192 4
0.104394 4
0.100143 4
0.100209 8
0.061675 29
0.000155 2
0.100301 4
0.100153 4
0.100132 4
0.100164 4
0.100141 4
0.100133 4
0.100154 4
0.100113 4
0.100119 4
0.040163 220
0.000017 698
0.000030 255
0.000011 2
0.059984 8
0.000108 159
0.640998 53
0.000165 2
0.101363 4
0.100217 4
0.104891 4
0.111023 4
0.101846 4
0.106868 4
0.105195 4
0.105673 4
0.108616 4
0.111822 4
0.162239 4
0.111018 4
0.108747 4
0.105264 8
0.000083 21
0.000109 2
0.110300 4
0.105258 8
0.046955 49
0.444521 164
0.003562 170
0.000336 163
0.000975 164
0.001110 163
0.002062 168
0.000387 163
0.000504 160
0.000494 162
0.085182 71
1.811403 1
0.065476 1
0.100748 1
0.161205 2
0.000085 17
1.311119 1
0.085518 1
0.377101 1
0.176379 1
0.186162 1
0.146175 1
0.367363 2
0.000061 38
0.000122 163
1.002592 164
1.002259 164
1.002405 48
1.002559 179
1.002415 45
1.002633 172
1.002234 175
1.001997 139
1.002341 251
1.001555 304
0.007987 102
1.202660 1
0.216185 1
0.146087 1
0.130682 1
0.161286 2
0.000049 6
